frame_1.jpg, (34,60,39,59,55,56,276,32,284,33,319,70,330,174,330,191,181,235,139,240,104,200), 0.0012990474700927735
frame_2.jpg, (34,60,38,58,81,51,276,32,284,33,319,70,348,182,330,191,198,242,188,243,109,202), 0.001399397850036621
frame_3.jpg, (34,60,38,58,81,51,157,42,276,32,284,33,319,69,348,182,330,191,160,221,109,202,104,200), 0.002598428726196289
frame_4.jpg, (34,60,38,58,81,51,157,42,276,32,284,33,319,69,348,182,330,191,160,221,109,202), 0.00239865779876709
frame_5.jpg, (34,60,38,58,81,51,166,39,276,32,284,33,319,69,348,182,330,191,160,221,109,202), 0.0026983022689819336
frame_6.jpg, (34,60,44,58,81,51,166,39,276,32,284,33,319,69,348,182,330,191,160,221,109,202), 0.0015989065170288086
frame_7.jpg, (34,60,38,58,157,42,276,32,284,33,319,69,348,182,330,191,160,221,109,202), 0.0016990423202514649
frame_8.jpg, (34,60,38,58,81,51,157,42,276,32,284,33,319,69,348,182,330,191,160,221,109,202), 0.001499176025390625
frame_9.jpg, (34,60,38,58,81,51,276,32,284,33,319,69,348,182,330,191,160,221,109,202,104,200,75,148), 0.003397846221923828
frame_10.jpg, (34,60,38,58,81,51,276,32,284,33,319,69,348,182,330,191,160,221,109,202,75,148), 0.0023984670639038085
frame_11.jpg, (34,60,38,58,81,51,276,32,284,33,319,69,348,182,330,191,195,258,194,258,109,202,75,148), 0.0016989469528198241
frame_12.jpg, (34,60,38,58,55,56,276,32,284,33,319,69,348,182,194,267,109,202), 0.0016989469528198241
frame_13.jpg, (34,60,38,58,81,51,157,42,276,32,284,33,319,69,348,182,330,191,195,253,192,253,109,202,75,148), 0.0013990163803100585
frame_14.jpg, (34,60,38,58,81,51,276,32,284,33,319,69,348,182,189,268,109,202), 0.001499032974243164
frame_15.jpg, (34,60,38,58,59,55,157,42,276,32,284,33,319,69,348,182,189,267,109,202), 0.003198099136352539
