frame_1.jpg, (57,77,129,34,346,31,345,45,328,192,327,193,306,194,298,194,189,186,100,162), 0.0038132429122924804
frame_2.jpg, (57,77,129,34,346,31,345,45,328,192,327,193,306,194,181,194,100,162), 0.0014987468719482421
frame_3.jpg, (57,77,129,34,346,31,368,42,328,192,327,193,306,194,295,194,189,186,98,162), 0.0023984432220458983
frame_4.jpg, (57,77,129,34,346,31,368,42,328,192,327,193,306,194,181,194,98,162), 0.0027981042861938477
frame_5.jpg, (57,77,129,34,346,31,347,34,328,192,327,193,306,194,298,194,189,186,98,162), 0.0020985841751098634
frame_6.jpg, (57,77,129,34,170,33,346,31,345,45,328,192,327,193,306,194,295,194,179,191,98,162), 0.0014991521835327148
frame_7.jpg, (57,77,129,34,170,33,346,31,347,34,328,192,327,193,306,194,295,194,179,191,98,162), 0.001498579978942871
frame_8.jpg, (57,77,129,34,346,31,347,34,328,192,327,193,306,194,295,194,179,191,98,162), 0.001499009132385254
frame_9.jpg, (57,77,129,34,346,31,347,34,328,192,327,193,306,194,295,194,179,191,98,162), 0.002298569679260254
frame_10.jpg, (57,77,129,34,170,33,346,31,347,34,328,192,327,193,306,194,295,194,189,186,98,162), 0.0028980493545532225
frame_11.jpg, (57,77,129,34,170,33,346,31,347,34,328,192,327,193,306,194,295,194,179,191,98,162), 0.0015987873077392579
frame_12.jpg, (57,77,129,34,170,33,346,31,347,34,328,192,327,193,306,194,295,194,189,186,98,162), 0.002098679542541504
frame_13.jpg, (57,77,129,34,170,33,346,31,347,34,328,192,327,193,306,194,181,194,98,162), 0.0014990568161010742
frame_14.jpg, (57,77,129,34,170,33,346,31,347,34,328,192,327,193,306,194,295,194,189,186,98,162), 0.001598954200744629
frame_15.jpg, (57,77,129,34,170,33,346,31,347,34,328,192,327,193,306,194,181,194,98,162), 0.002498483657836914
