frame_1.jpg, (346,31,345,45,328,192,327,193,306,194,298,194,189,186,100,162,57,77,129,34), 0.003897857666015625
frame_2.jpg, (346,31,345,45,328,192,327,193,306,194,181,194,100,162,57,77,129,34), 0.0014985561370849609
frame_3.jpg, (368,42,328,192,327,193,306,194,295,194,189,186,98,162,57,77,129,34,346,31), 0.0019987344741821287
frame_4.jpg, (368,42,328,192,327,193,306,194,181,194,98,162,57,77,129,34,346,31), 0.013991212844848633
frame_5.jpg, (347,34,328,192,327,193,306,194,298,194,189,186,98,162,57,77,129,34,346,31), 0.003298044204711914
frame_6.jpg, (346,31,345,45,328,192,327,193,306,194,295,194,179,191,98,162,57,77,129,34,170,33), 0.0018988609313964843
frame_7.jpg, (347,34,328,192,327,193,306,194,295,194,179,191,98,162,57,77,129,34,170,33,346,31), 0.0022985219955444338
frame_8.jpg, (347,34,328,192,327,193,306,194,295,194,179,191,98,162,57,77,129,34,346,31), 0.0015988588333129884
frame_9.jpg, (347,34,328,192,327,193,306,194,295,194,179,191,98,162,57,77,129,34,346,31), 0.0014986515045166016
frame_10.jpg, (347,34,328,192,327,193,306,194,295,194,189,186,98,162,57,77,129,34,170,33,346,31), 0.003697705268859863
frame_11.jpg, (347,34,328,192,327,193,306,194,295,194,179,191,98,162,57,77,129,34,170,33,346,31), 0.008694291114807129
frame_12.jpg, (347,34,328,192,327,193,306,194,295,194,189,186,98,162,57,77,129,34,170,33,346,31), 0.002698469161987305
frame_13.jpg, (347,34,328,192,327,193,306,194,181,194,98,162,57,77,129,34,170,33,346,31), 0.002398562431335449
frame_14.jpg, (347,34,328,192,327,193,306,194,295,194,189,186,98,162,57,77,129,34,170,33,346,31), 0.0018986940383911132
frame_15.jpg, (347,34,328,192,327,193,306,194,181,194,98,162,57,77,129,34,170,33,346,31), 0.0021979808807373047
