frame_1.jpg, (330,191,181,235,139,240,104,200,34,60,39,59,55,56,276,32,284,33,319,70,330,174), 0.001399087905883789
frame_2.jpg, (348,182,330,191,198,242,188,243,109,202,34,60,38,58,81,51,276,32,284,33,319,70), 0.00139923095703125
frame_3.jpg, (348,182,330,191,160,221,109,202,104,200,34,60,38,58,81,51,157,42,276,32,284,33,319,69), 0.003697919845581055
frame_4.jpg, (348,182,330,191,160,221,109,202,34,60,38,58,81,51,157,42,276,32,284,33,319,69), 0.0058965921401977536
frame_5.jpg, (348,182,330,191,160,221,109,202,34,60,38,58,81,51,166,39,276,32,284,33,319,69), 0.003397822380065918
frame_6.jpg, (348,182,330,191,160,221,109,202,34,60,44,58,81,51,166,39,276,32,284,33,319,69), 0.002998089790344238
frame_7.jpg, (348,182,330,191,160,221,109,202,34,60,38,58,157,42,276,32,284,33,319,69), 0.0020986318588256834
frame_8.jpg, (348,182,330,191,160,221,109,202,34,60,38,58,81,51,157,42,276,32,284,33,319,69), 0.0017988204956054688
frame_9.jpg, (348,182,330,191,160,221,109,202,104,200,75,148,34,60,38,58,81,51,276,32,284,33,319,69), 0.0015992403030395507
frame_10.jpg, (348,182,330,191,160,221,109,202,75,148,34,60,38,58,81,51,276,32,284,33,319,69), 0.003597545623779297
frame_11.jpg, (348,182,330,191,195,258,194,258,109,202,75,148,34,60,38,58,81,51,276,32,284,33,319,69), 0.004697322845458984
frame_12.jpg, (348,182,194,267,109,202,34,60,38,58,55,56,276,32,284,33,319,69), 0.0026984214782714844
frame_13.jpg, (348,182,330,191,195,253,192,253,109,202,75,148,34,60,38,58,81,51,157,42,276,32,284,33,319,69), 0.0036976099014282226
frame_14.jpg, (348,182,189,268,109,202,34,60,38,58,81,51,276,32,284,33,319,69), 0.0016988754272460938
frame_15.jpg, (348,182,189,267,109,202,34,60,38,58,59,55,157,42,276,32,284,33,319,69), 0.0019988059997558595
